{
  "feature_columns": [
    "price",
    "promotion",
    "ad_spend",
    "user_rating",
    "holiday",
    "month",
    "weekday",
    "sales"
  ],
  "correlation_matrix": [
    [
      1.0,
      -0.7304598656859317,
      -0.8405254566386945,
      -0.6932421631331162,
      -0.4154801051567583,
      -0.049972925816868075,
      -0.07002621026917144,
      -0.8494134765401289
    ],
    [
      -0.7304598656859317,
      1.0,
      0.9191767687727718,
      0.4207742327204911,
      0.4216370213557839,
      -0.027824333745610174,
      -0.036885555678165885,
      0.9246579932533816
    ],
    [
      -0.8405254566386945,
      0.9191767687727718,
      1.0,
      0.5935097596270916,
      0.5051474170357392,
      0.03603463015460848,
      -0.04466544040490831,
      0.9691905164619146
    ],
    [
      -0.6932421631331162,
      0.4207742327204911,
      0.5935097596270916,
      1.0,
      0.26736454725504377,
      0.28941151678431487,
      -0.09138233247699,
      0.5855465786189316
    ],
    [
      -0.4154801051567583,
      0.4216370213557839,
      0.5051474170357392,
      0.26736454725504377,
      1.0,
      0.04399413450640583,
      0.07654655446197428,
      0.6228795759109896
    ],
    [
      -0.049972925816868075,
      -0.027824333745610174,
      0.03603463015460848,
      0.28941151678431487,
      0.04399413450640583,
      1.0,
      0.03592106040535518,
      0.0036527208224748507
    ],
    [
      -0.07002621026917144,
      -0.036885555678165885,
      -0.04466544040490831,
      -0.09138233247699,
      0.07654655446197428,
      0.03592106040535518,
      1.0,
      -0.018082495292186834
    ],
    [
      -0.8494134765401289,
      0.9246579932533816,
      0.9691905164619146,
      0.5855465786189316,
      0.6228795759109896,
      0.0036527208224748507,
      -0.018082495292186834,
      1.0
    ]
  ],
  "correlation_matrix_columns": [
    "price",
    "promotion",
    "ad_spend",
    "user_rating",
    "holiday",
    "month",
    "weekday",
    "sales"
  ],
  "correlation_matrix_index": [
    "price",
    "promotion",
    "ad_spend",
    "user_rating",
    "holiday",
    "month",
    "weekday",
    "sales"
  ],
  "sales_correlations": "{'price': -0.8494134765401289, 'promotion': 0.9246579932533816, 'ad_spend': 0.9691905164619146, 'user_rating': 0.5855465786189316, 'holiday': 0.6228795759109896, 'month': 0.0036527208224748507, 'weekday': -0.018082495292186834}",
  "correlation_analysis": "{'ad_spend': {'correlation_value': 0.9691905164619146, 'direction': '正相关', 'strength': '强', 'description': 'ad_spend: 正相关 (强相关), 相关系数=0.969'}, 'promotion': {'correlation_value': 0.9246579932533816, 'direction': '正相关', 'strength': '强', 'description': 'promotion: 正相关 (强相关), 相关系数=0.925'}, 'price': {'correlation_value': -0.8494134765401289, 'direction': '负相关', 'strength': '强', 'description': 'price: 负相关 (强相关), 相关系数=-0.849'}, 'holiday': {'correlation_value': 0.6228795759109896, 'direction': '正相关', 'strength': '强', 'description': 'holiday: 正相关 (强相关), 相关系数=0.623'}, 'user_rating': {'correlation_value': 0.5855465786189316, 'direction': '正相关', 'strength': '强', 'description': 'user_rating: 正相关 (强相关), 相关系数=0.586'}, 'weekday': {'correlation_value': -0.018082495292186834, 'direction': '负相关', 'strength': '弱', 'description': 'weekday: 负相关 (弱相关), 相关系数=-0.018'}, 'month': {'correlation_value': 0.0036527208224748507, 'direction': '正相关', 'strength': '弱', 'description': 'month: 正相关 (弱相关), 相关系数=0.004'}}"
}